
MacBook-Pro-de-Ramon-2:CountSort ramonromero$ ./multi.out
before = [  93,  22,  30,  51,   2,  29,  62,  88,  34,  96,  42,  38,  10,  93,  50,  94,  16,   3,  85,  66,  16,  21,   9,  27,
 7,  35,  36,  11,  39,  14,  63,  16,  82,  23,  54,  36,  97,  36,  43,  82,  59,  25,  33,  64,  24,  45,  86,  28,  64,  37,   5
,   4,  82,  64,  21,  18,  69,  57,  31,  14,  81,  19,  99,  77,  63,  18,  89,  68,  88,   5,  24,   9,  29,   6,  80,  89,  78,
 59,  67,  91,   4,   3,  57,  60,  86,  22,  35,  35,  36,  84,  36,  30,  94,  68,  80,  26,  56,  48,  62,  72, ... ]
starting...
after = [   1,   1,   1,   1,   1,   1,   1,   1,   1,   1,   1,   1,   1,   1,   1,   1,   1,   1,   1,   1,   1,   1,   1,   1,
1,   1,   1,   1,   1,   1,   1,   1,   1,   1,   1,   1,   1,   1,   1,   1,   1,   1,   1,   1,   1,   1,   1,   1,   1,   1,   1,
   1,   1,   1,   1,   1,   1,   1,   1,   1,   1,   1,   1,   1,   1,   1,   1,   1,   1,   1,   1,   1,   1,   1,   1,   1,   1,
 1,   1,   1,   1,   1,   1,   1,   1,   1,   1,   1,   1,   1,   1,   1,   1,   1,   1,   1,   1,   1,   1,   1, ... ]

avg time = 243.07200 ms
MacBook-Pro-de-Ramon-2:CountSort ramonromero$ ./multi.out
before = [  35,  69,  80,   5,  41,  14,  79,  68,  84,  68,  88,  87,  27,  98,  72,  71,  90,  77,  84,  91,  40,  47,  75,  87,
32,  92,  83,  38,  94,  36,  63,  37,   7,  25,  26,  40,  83,  95,  35,  14,  14,  75,   3,  92,  46,  15,  13,  92,  34,  38,  76
,  81,  83,  81,  35,  11,  72,  98,  76,  32,  31,  74,  52,  27,  87,  95,  57,  16,  21,   3,  71,   1,  92,   2,  82,  32,  74,
 75,  29,  70,  59,  67,  31,  78,  53,   4,  77,  24,  60,  90,  70,  74,  30,  19,  51,  87,  11,  35,  96,  95, ... ]
starting...
after = [   1,   1,   1,   1,   1,   1,   1,   1,   1,   1,   1,   1,   1,   1,   1,   1,   1,   1,   1,   1,   1,   1,   1,   1,
1,   1,   1,   1,   1,   1,   1,   1,   1,   1,   1,   1,   1,   1,   1,   1,   1,   1,   1,   1,   1,   1,   1,   1,   1,   1,   1,
   1,   1,   1,   1,   1,   1,   1,   1,   1,   1,   1,   1,   1,   1,   1,   1,   1,   1,   1,   1,   1,   1,   1,   1,   1,   1,
 1,   1,   1,   1,   1,   1,   1,   1,   1,   1,   1,   1,   1,   1,   1,   1,   1,   2,   2,   2,   2,   2,   2, ... ]
avg time = 251.19000 ms


cBook-Pro-de-Ramon-2:CountSort ramonromero$ ./multi.out
before = [  49,  67,  32,  74,  54,  58,  67,  30,  83,  92,  21,  70,  64,  82,  46,  30,  97,  35,  64,  15,  99,  38,  46,   7,
 5,  64,  81, 100,  79,  59,  63,  42,  84,  59,  99,  59,  94,  46,  99,  56,   1,  25,  95,  70,  22,   5,  75,  27,  22,   5,  84
,  40,  52,  22,  24,  91,  73,  96,  42,  91,  81,  59,   3,  75,  95,  54,  64,  85,  83,  22,  20,  16,  15,  34,  65,  13,   6,
 47,  85,  14,  95,   8,  89,  86,  93, 100,  40,  85,  68,  39,  46,  73,  93,  36,  61,  25,  96,  15,  72,  83, ... ]
starting...
after = [   1,   1,   1,   1,   1,   1,   1,   1,   1,   1,   1,   1,   1,   1,   1,   1,   1,   1,   1,   1,   1,   1,   1,   1,
1,   1,   1,   1,   1,   1,   1,   1,   1,   1,   1,   1,   1,   1,   1,   1,   1,   1,   1,   1,   1,   1,   1,   1,   1,   1,   1,
   1,   1,   1,   1,   1,   1,   1,   1,   1,   1,   1,   1,   1,   1,   1,   1,   1,   1,   1,   1,   1,   1,   1,   1,   1,   1,
 1,   1,   1,   1,   1,   1,   1,   1,   1,   1,   1,   1,   1,   1,   1,   1,   1,   1,   1,   1,   1,   1,   1, ... ]
avg time = 243.35900 ms
MacBook-Pro-de-Ramon-2:CountSort ramonromero$ ./multi.out
before = [  35,  69,  80,   5,  41,  14,  79,  68,  84,  68,  88,  87,  27,  98,  72,  71,  90,  77,  84,  91,  40,  47,  75,  87,
32,  92,  83,  38,  94,  36,  63,  37,   7,  25,  26,  40,  83,  95,  35,  14,  14,  75,   3,  92,  46,  15,  13,  92,  34,  38,  76
,  81,  83,  81,  35,  11,  72,  98,  76,  32,  31,  74,  52,  27,  87,  95,  57,  16,  21,   3,  71,   1,  92,   2,  82,  32,  74,
 75,  29,  70,  59,  67,  31,  78,  53,   4,  77,  24,  60,  90,  70,  74,  30,  19,  51,  87,  11,  35,  96,  95, ... ]
starting...
after = [   1,   1,   1,   1,   1,   1,   1,   1,   1,   1,   1,   1,   1,   1,   1,   1,   1,   1,   1,   1,   1,   1,   1,   1,
1,   1,   1,   1,   1,   1,   1,   1,   1,   1,   1,   1,   1,   1,   1,   1,   1,   1,   1,   1,   1,   1,   1,   1,   1,   1,   1,
   1,   1,   1,   1,   1,   1,   1,   1,   1,   1,   1,   1,   1,   1,   1,   1,   1,   1,   1,   1,   1,   1,   1,   1,   1,   1,
 1,   1,   1,   1,   1,   1,   1,   1,   1,   1,   1,   1,   1,   1,   1,   1,   1,   2,   2,   2,   2,   2,   2, ... ]
avg time = 251.19000 ms

MacBook-Pro-de-Ramon-2:CountSort ramonromero$ ./multi.out

before = [  63,  18,  31,  43,  67,  55,  55,  39,  35,  63,   1,  53,  54,  66,  20,  89,  57,  93,  97,  39,  58,  82,  17,  27,
31,  83,  79,   9,  11,  35,  10, 100,   8,  93,  25,  25,   5,  50,  63,  51,  35,  75,  34,  95,  45,  48,  84,  15,  63,  19,  39
,  99,  68,  10,  13,  24,  74,  94,   8,  97,  78,  44,  54,  76,   3,  13,  18,   1,  45,  88,  69,  31,  38,  66,  48,  94,  38,
 19,  88,   5,  31,  96,  47,  41,  33,  43,  56,  99,  76,  41,  22,  19,  56,  53,  18,  10,  28,  42,   1,  24, ... ]
starting...
after = [   1,   1,   1,   1,   1,   1,   1,   1,   1,   1,   1,   1,   1,   1,   1,   1,   1,   1,   1,   1,   1,   1,   1,   1,
1,   1,   1,   1,   1,   1,   1,   1,   1,   1,   1,   1,   1,   1,   1,   1,   1,   1,   1,   1,   1,   1,   1,   1,   1,   1,   1,
   1,   1,   1,   1,   1,   1,   1,   1,   1,   1,   1,   1,   1,   1,   1,   1,   1,   1,   1,   1,   1,   1,   1,   1,   1,   2,
 2,   2,   2,   2,   2,   2,   2,   2,   2,   2,   2,   2,   2,   2,   2,   2,   2,   2,   2,   2,   2,   2,   2, ... ]
avg time = 240.86200 ms

MacBook-Pro-de-Ramon-2:CountSort ramonromero$ ./multi.out
before = [  77,  16,  83,  12,  80,  99,  43,   1,  34,  87,  34,  36,  44,  50,  94,  48,  64,  51,  30,  63,  17,  73,  88,  94,
57,   2,  77,  18,  96,  58,  10,   5,  85,  27,  98,  44,  69,   1,  27,  46,  22,  72,  26,  73,  68,  38,  93,   3,  51,  86,  47
,  58,  37,  51,   2,   4,  75,  92,  21,   3,  28,  29,   5,  77,  11,  19,  25,  17,   7,  54,  18,  46,   8,  45,  31,  75,  17,
 91,  44,  49,  14,  84,   5,  96,  73,  86,  19,  60,  84,  43,  51,  18,  19,  70,  75,  48,  13,  22,  30,  65, ... ]
starting...
after = [   1,   1,   1,   1,   1,   1,   1,   1,   1,   1,   1,   1,   1,   1,   1,   1,   1,   1,   1,   1,   1,   1,   1,   1,
1,   1,   1,   1,   1,   1,   1,   1,   1,   1,   1,   1,   1,   1,   1,   1,   1,   1,   1,   1,   1,   1,   1,   1,   1,   1,   1,

   1,   1,   1,   1,   1,   1,   1,   1,   1,   1,   1,   1,   1,   1,   1,   1,   1,   1,   1,   1,   1,   1,   1,   1,   1,   1,
 1,   1,   1,   1,   1,   1,   1,   1,   1,   1,   1,   1,   1,   1,   1,   1,   1,   1,   1,   1,   1,   1,   1, ... ]
avg time = 242.77300 ms
MacBook-Pro-de-Ramon-2:CountSort ramonromero$ ./multi.out
before = [  91,  14,  82,  81,  93,  96,  31,  10,  33,  11,  67,  19,  81,  34,  68,   7,  71,   9,  63,  87,  23,  64,  12,  14,
30,  21,  75,  80,  81,  34,  10,  63,   9,  61,  24,  63,  80,   5,  91,  41,  56,  22,  65,  98,  44,  28,   2,  91,  92,  53,   2
,  17,  53,  39,  38,  84,  76,  90,  87,   9,  78,  14,  56,  25,  19,  78,  79,  33,  69,  20,  67,   8,  31,  77,  14,  56,  49,
 63, 100,  40,  50,  72,  63,   4,  60,  29,  35,  21,  92,  45,  27,  17,  29,  87,  32,  86,  98,   2,   6,   6, ... ]
starting...
after = [   1,   1,   1,   1,   1,   1,   1,   1,   1,   1,   1,   1,   1,   1,   1,   1,   1,   1,   1,   1,   1,   1,   1,   1,
1,   1,   1,   1,   1,   1,   1,   1,   1,   1,   1,   1,   1,   1,   1,   1,   1,   1,   1,   1,   1,   1,   1,   1,   1,   1,   1,
   1,   1,   1,   1,   1,   1,   1,   1,   1,   1,   1,   1,   1,   1,   1,   1,   1,   1,   1,   1,   1,   1,   1,   1,   1,   1,
 1,   1,   1,   1,   1,   1,   1,   1,   1,   1,   1,   1,   1,   1,   1,   1,   1,   1,   1,   1,   1,   1,   1, ... ]
avg time = 247.92300 ms


MacBook-Pro-de-Ramon-2:CountSort ramonromero$ ./single.out
before = [  40,  10,  11,  46,  15,  53,  39,  21,  59,  45,   6,  86,  43,  28,  30,  40,  25,  12,  49,  24,   3,  12,  87,  84,
68,  11,  21,  38,  52,  44,  60,  10,  99,  83,  59, 100,  45,  13,  15,  94,  31,  97,  81,  15,  51,  43,  63,  46,  56,  11,  27
,  47,  15,  53,  73,  20,   3,  80,  68,  30,  50,  35,  11,  52,  97,  61,  24,  42,  36,   4,  65,  34,  82,  39,  81,  13,  61,
 68,  40,  41,  73,  83,  66,  76,  97,  59,  35,  67,  20,  49,  49,  84,  23,  73,   8,  66,  69,  79,  78,  73, ... ]
starting...
after = [   1,   1,   1,   1,   1,   1,   1,   1,   1,   1,   1,   1,   1,   1,   1,   1,   1,   1,   1,   1,   1,   1,   1,   1,
1,   1,   1,   1,   1,   1,   1,   1,   1,   1,   1,   1,   1,   1,   1,   1,   1,   1,   1,   1,   1,   1,   1,   1,   1,   1,   1,
   1,   1,   1,   1,   1,   1,   1,   1,   1,   1,   1,   1,   1,   1,   1,   1,   1,   1,   1,   1,   1,   1,   1,   1,   1,   1,
 1,   1,   1,   1,   1,   1,   1,   1,   1,   1,   1,   1,   1,   1,   1,   1,   1,   1,   1,   1,   1,   1,   1, ... ]
avg time = 536.46800 ms
MacBook-Pro-de-Ramon-2:CountSort ramonromero$ ./single.out

before = [  61,  10,  36,  26,  58,  22,  71,  61,  34,  78,  79,  87,  78,  54,  91,   2,  12,  99,  75,  60,  18,  25,  67,  14,
 7,  16,  18,  78,  53,  55,  57,  47,  88,  84,  95,  52,  88,  66,  11,  10,  85,  72,  66,  82,  12,  31,  53,  78,  38,  88,  36
,  59,  92,  38,  30,  90,  81,  27,  64,  92,  75,  39,  64,  77,  59,  73,   8,  66,  26,   3,  12,  30,  87,  84,  29,  61,   9,
 76,  21,  54,  24,  18,  53,  85,   7,  50,  56,  85,  32,   2,  66,   6,  91,  25,  70,  70,  70,  96,  45,  58, ... ]
starting...
after = [   1,   1,   1,   1,   1,   1,   1,   1,   1,   1,   1,   1,   1,   1,   1,   1,   1,   1,   1,   1,   1,   1,   1,   1,
1,   1,   1,   1,   1,   1,   1,   1,   1,   1,   1,   1,   1,   1,   1,   1,   1,   1,   1,   1,   1,   1,   1,   1,   1,   1,   1,
   1,   1,   1,   1,   1,   1,   1,   1,   1,   1,   1,   1,   1,   1,   1,   1,   1,   1,   1,   1,   1,   1,   1,   1,   1,   1,
 1,   1,   1,   1,   1,   1,   1,   2,   2,   2,   2,   2,   2,   2,   2,   2,   2,   2,   2,   2,   2,   2,   2, ... ]
avg time = 536.45000 ms

MacBook-Pro-de-Ramon-2:CountSort ramonromero$ ./single.out
before = [  82,  57,  61,  53,  54,  91,   3,   1,   9,  64,  52,  35,  60,  80,  52,  17,  99,  86,  48,  96,  80,  38, 100,  91,
93,  21,  68,  18,  54,  66,   7,  31,  77,  85,  31,   4,  31,  72,   7,  26,  39,  47,   4,  96,  73,  66,  43,  57,  73,  12,  45
,  24,  16,  23,  87,  13,   6,  21,  13,   1, 100,  90,  64,  49,  21,  38,  92,  90,  69,   2,  12,  26,  45,  82,  30,  56,  57,
 84,   2,  67,  28, 100,  40,  94,  17,  88,  77,   3,  44,   2,  30,  28,  59,  24,  32,  27,  71,  66,  12,  43, ... ]
starting...
after = [   1,   1,   1,   1,   1,   1,   1,   1,   1,   1,   1,   1,   1,   1,   1,   1,   1,   1,   1,   1,   1,   1,   1,   1,
1,   1,   1,   1,   1,   1,   1,   1,   1,   1,   1,   1,   1,   1,   1,   1,   1,   1,   1,   1,   1,   1,   1,   1,   1,   1,   1,
   1,   1,   1,   1,   1,   1,   1,   1,   1,   1,   1,   1,   1,   1,   1,   1,   1,   1,   1,   1,   1,   1,   1,   1,   1,   1,

 1,   1,   1,   1,   1,   1,   1,   1,   1,   1,   1,   1,   1,   1,   1,   1,   1,   1,   1,   1,   1,   2,   2, ... ]
avg time = 530.54900 ms
MacBook-Pro-de-Ramon-2:CountSort ramonromero$ ./single.out
before = [  96,  55,  13,  22,  67,  35,  44,  10,  61,  88,  85,  18,  50,  64,  26,  76,  59,  44,  28,  20,  39,  82,  71,  11,
19,  40,  66,  80,  39,  89,   7,  36,   1,  19,  57,  23,  95,  23,  71,  21,  73,  97,  43,  21,  96,  56,  52,  45,  14,  79,  53
,  83,  85,  64,  76,  93,   7,  19,  79,   7,  50,  75,  15,  50,  29,  97,  46,  59,  31,  68,  61,  41,  68,  14,  13,  37,  36,
 56,  58,  11,  11,  88,  98,  49,   4,  84,  93,  64,  52,   4,  59,  74,  69,  41,  89,  12,  56,  93,  88,  84, ... ]
starting...
after = [   1,   1,   1,   1,   1,   1,   1,   1,   1,   1,   1,   1,   1,   1,   1,   1,   1,   1,   1,   1,   1,   1,   1,   1,
1,   1,   1,   1,   1,   1,   1,   1,   1,   1,   1,   1,   1,   1,   1,   1,   1,   1,   1,   1,   1,   1,   1,   1,   1,   1,   1,
   1,   1,   1,   1,   1,   1,   1,   1,   1,   1,   1,   1,   1,   1,   1,   1,   1,   1,   1,   1,   1,   1,   1,   1,   1,   1,
 1,   1,   1,   1,   1,   1,   1,   1,   1,   1,   1,   1,   1,   1,   1,   1,   1,   1,   1,   1,   1,   1,   1, ... ]
avg time = 536.89100 ms

MacBook-Pro-de-Ramon-2:CountSort ramonromero$ ./single.out
before = [  96,  55,  13,  22,  67,  35,  44,  10,  61,  88,  85,  18,  50,  64,  26,  76,  59,  44,  28,  20,  39,  82,  71,  11,
19,  40,  66,  80,  39,  89,   7,  36,   1,  19,  57,  23,  95,  23,  71,  21,  73,  97,  43,  21,  96,  56,  52,  45,  14,  79,  53
,  83,  85,  64,  76,  93,   7,  19,  79,   7,  50,  75,  15,  50,  29,  97,  46,  59,  31,  68,  61,  41,  68,  14,  13,  37,  36,
 56,  58,  11,  11,  88,  98,  49,   4,  84,  93,  64,  52,   4,  59,  74,  69,  41,  89,  12,  56,  93,  88,  84, ... ]
starting...
after = [   1,   1,   1,   1,   1,   1,   1,   1,   1,   1,   1,   1,   1,   1,   1,   1,   1,   1,   1,   1,   1,   1,   1,   1,
1,   1,   1,   1,   1,   1,   1,   1,   1,   1,   1,   1,   1,   1,   1,   1,   1,   1,   1,   1,   1,   1,   1,   1,   1,   1,   1,
   1,   1,   1,   1,   1,   1,   1,   1,   1,   1,   1,   1,   1,   1,   1,   1,   1,   1,   1,   1,   1,   1,   1,   1,   1,   1,
 1,   1,   1,   1,   1,   1,   1,   1,   1,   1,   1,   1,   1,   1,   1,   1,   1,   1,   1,   1,   1,   1,   1, ... ]
avg time = 536.89100 ms
